{
  "advancedEditorSelectedIdentifier" : "ProjectBrowser",
  "openSceneRelativePaths" : [
    "ImmersiveScene.usda"
  ],
  "recentIdentifiers" : {
    "2350D222-67D2-4E87-88FB-30B62AF53B47" : [

    ],
    "AF09ED6F-1707-48FD-8720-65B998362C09" : [

    ]
  },
  "sceneCameraHistory" : {
    "04D46DFA-935A-4669-8701-888843C5ED59" : [
      {
        "date" : 740143959.872864,
        "title" : "Untitled",
        "transform" : [
          0.9999913,
          -6.2034156e-11,
          0.004173332,
          0,
          0.0030050152,
          0.69392025,
          -0.72004557,
          0,
          -0.00289596,
          0.7200518,
          0.69391423,
          0,
          -0.0027798398,
          0.766913,
          0.68120736,
          1
        ]
      },
      {
        "date" : 740143953.955976,
        "title" : "Untitled",
        "transform" : [
          1,
          0,
          0,
          0,
          0,
          0.8660254,
          -0.5,
          0,
          0,
          0.5,
          0.8660254,
          0,
          6.308872e-05,
          0.5485477,
          0.8667769,
          1
        ]
      },
      {
        "date" : 740143949.724208,
        "title" : "Untitled",
        "transform" : [
          1,
          0,
          0,
          0,
          0,
          0.8660254,
          -0.5,
          0,
          0,
          0.5,
          0.8660254,
          0,
          6.308872e-05,
          0.24364242,
          0.33866566,
          1
        ]
      },
      {
        "date" : 740143924.974628,
        "title" : "Untitled",
        "transform" : [
          1,
          0,
          -0,
          0,
          -0,
          0.8660254,
          -0.5,
          0,
          0,
          0.5,
          0.8660254,
          0,
          0,
          0.20755711,
          0.35949948,
          1
        ]
      }
    ],
    "9A343353-5A5A-4C48-B8BB-4B2D38706090" : [
      {
        "date" : 740148411.960432,
        "title" : "Untitled",
        "transform" : [
          0.99999994,
          0,
          -0,
          0,
          -0,
          0.8660254,
          -0.49999994,
          0,
          0,
          0.49999994,
          0.8660254,
          0,
          0,
          0.22362404,
          0.3873282,
          1
        ]
      }
    ],
    "2350D222-67D2-4E87-88FB-30B62AF53B47" : [
      {
        "date" : 740274266.186357,
        "title" : "Untitled",
        "transform" : [
          0.999921,
          1.1040266e-10,
          -0.012568342,
          0,
          -0.003257866,
          0.96582043,
          -0.2591916,
          0,
          0.012138761,
          0.25921208,
          0.96574414,
          0,
          -0.018811882,
          1.392143,
          -0.28608346,
          1
        ]
      },
      {
        "date" : 740274164.514749,
        "title" : "Untitled",
        "transform" : [
          0.999921,
          1.1040266e-10,
          -0.012568342,
          0,
          -0.003257866,
          0.96582043,
          -0.2591916,
          0,
          0.012138761,
          0.25921208,
          0.96574414,
          0,
          -0.0484944,
          1.1566446,
          -0.22250104,
          1
        ]
      },
      {
        "date" : 740272999.360844,
        "title" : "Untitled",
        "transform" : [
          0.999921,
          1.1040266e-10,
          -0.012568342,
          0,
          -0.003257866,
          0.96582043,
          -0.2591916,
          0,
          0.012138761,
          0.25921208,
          0.96574414,
          0,
          -0.043560926,
          0.65954304,
          -0.08913811,
          1
        ]
      },
      {
        "date" : 740272981.616523,
        "title" : "Untitled",
        "transform" : [
          0.3675756,
          5.1382774e-09,
          -0.9299935,
          0,
          -0.8201065,
          0.47154674,
          -0.32414326,
          0,
          0.43853536,
          0.8818411,
          0.17332906,
          0,
          0.28233922,
          1.2384992,
          -0.06740548,
          1
        ]
      },
      {
        "date" : 740272973.061014,
        "title" : "Untitled",
        "transform" : [
          0.9995786,
          6.479351e-09,
          -0.029026829,
          0,
          -0.0035348674,
          0.9925572,
          -0.12172745,
          0,
          0.028810743,
          0.12177897,
          0.9921389,
          0,
          0.0032086999,
          0.6703444,
          0.5833583,
          1
        ]
      },
      {
        "date" : 740272961.678756,
        "title" : "Untitled",
        "transform" : [
          0.99163413,
          6.613167e-09,
          -0.12908038,
          0,
          -0.05688624,
          0.89765257,
          -0.43701705,
          0,
          0.115869276,
          0.44070408,
          0.8901428,
          0,
          0.0795585,
          1.0573151,
          0.7794209,
          1
        ]
      },
      {
        "date" : 740272957.08405,
        "title" : "Untitled",
        "transform" : [
          0.9561426,
          7.628566e-09,
          -0.29290155,
          0,
          -0.064776644,
          0.97523874,
          -0.2114557,
          0,
          0.28564885,
          0.22115518,
          0.9324672,
          0,
          0.6327167,
          0.6154999,
          2.2928157,
          1
        ]
      },
      {
        "date" : 740272860.300788,
        "title" : "Untitled",
        "transform" : [
          0.9561426,
          7.628566e-09,
          -0.29290155,
          0,
          -0.064776644,
          0.97523874,
          -0.2114557,
          0,
          0.28564885,
          0.22115518,
          0.9324672,
          0,
          -0.035705756,
          0.07819404,
          0.26346114,
          1
        ]
      },
      {
        "date" : 740272827.997156,
        "title" : "Untitled",
        "transform" : [
          0.9658123,
          6.8654487e-09,
          -0.25924206,
          0,
          -0.09772988,
          0.92622024,
          -0.36409494,
          0,
          0.24011518,
          0.37698328,
          0.89455485,
          0,
          -0.44045174,
          1.0458934,
          2.215005,
          1
        ]
      },
      {
        "date" : 740272814.543719,
        "title" : "Untitled",
        "transform" : [
          0.99990284,
          5.8101137e-09,
          -0.013939639,
          0,
          -0.00557812,
          0.9164442,
          -0.40012366,
          0,
          0.012774873,
          0.40016276,
          0.9163551,
          0,
          -0.58348316,
          0.65844774,
          1.208133,
          1
        ]
      }
    ],
    "AF09ED6F-1707-48FD-8720-65B998362C09" : [
      {
        "date" : 739233426.295787,
        "title" : "Untitled",
        "transform" : [
          1,
          0,
          -0,
          0,
          -0,
          0.86602485,
          -0.50000095,
          0,
          0,
          0.50000095,
          0.86602485,
          0,
          0,
          3.5089395,
          3.9603226,
          1
        ]
      }
    ]
  },
  "selectedSceneRelativePath" : "ImmersiveScene.usda"
}