{
  "advancedEditorSelectedIdentifier" : "ProjectBrowser",
  "openSceneRelativePaths" : [
    "ImmersiveScene.usda"
  ],
  "recentIdentifiers" : {
    "2350D222-67D2-4E87-88FB-30B62AF53B47" : [

    ],
    "AF09ED6F-1707-48FD-8720-65B998362C09" : [

    ]
  },
  "sceneCameraHistory" : {
    "04D46DFA-935A-4669-8701-888843C5ED59" : [
      {
        "date" : 740143959.872864,
        "title" : "Untitled",
        "transform" : [
          0.9999913,
          -6.2034156e-11,
          0.004173332,
          0,
          0.0030050152,
          0.69392025,
          -0.72004557,
          0,
          -0.00289596,
          0.7200518,
          0.69391423,
          0,
          -0.0027798398,
          0.766913,
          0.68120736,
          1
        ]
      },
      {
        "date" : 740143953.955976,
        "title" : "Untitled",
        "transform" : [
          1,
          0,
          0,
          0,
          0,
          0.8660254,
          -0.5,
          0,
          0,
          0.5,
          0.8660254,
          0,
          6.308872e-05,
          0.5485477,
          0.8667769,
          1
        ]
      },
      {
        "date" : 740143949.724208,
        "title" : "Untitled",
        "transform" : [
          1,
          0,
          0,
          0,
          0,
          0.8660254,
          -0.5,
          0,
          0,
          0.5,
          0.8660254,
          0,
          6.308872e-05,
          0.24364242,
          0.33866566,
          1
        ]
      },
      {
        "date" : 740143924.974628,
        "title" : "Untitled",
        "transform" : [
          1,
          0,
          -0,
          0,
          -0,
          0.8660254,
          -0.5,
          0,
          0,
          0.5,
          0.8660254,
          0,
          0,
          0.20755711,
          0.35949948,
          1
        ]
      }
    ],
    "9A343353-5A5A-4C48-B8BB-4B2D38706090" : [
      {
        "date" : 740148411.960432,
        "title" : "Untitled",
        "transform" : [
          0.99999994,
          0,
          -0,
          0,
          -0,
          0.8660254,
          -0.49999994,
          0,
          0,
          0.49999994,
          0.8660254,
          0,
          0,
          0.22362404,
          0.3873282,
          1
        ]
      }
    ],
    "2350D222-67D2-4E87-88FB-30B62AF53B47" : [
      {
        "date" : 740958497.472318,
        "title" : "Untitled",
        "transform" : [
          0.99974114,
          -9.48621e-09,
          0.022754781,
          0,
          0.00176123,
          0.99700016,
          -0.07738003,
          0,
          -0.022686552,
          0.077400066,
          0.99674195,
          0,
          -0.014878541,
          1.4923553,
          -1.0808512,
          1
        ]
      },
      {
        "date" : 740957130.514171,
        "title" : "Untitled",
        "transform" : [
          0.99974114,
          -9.48621e-09,
          0.022754781,
          0,
          0.00176123,
          0.99700016,
          -0.07738003,
          0,
          -0.022686552,
          0.077400066,
          0.99674195,
          0,
          0.17145663,
          1.497001,
          -1.0769708,
          1
        ]
      },
      {
        "date" : 740956882.532122,
        "title" : "Untitled",
        "transform" : [
          0.99974114,
          -9.48621e-09,
          0.022754781,
          0,
          0.00176123,
          0.99700016,
          -0.07738003,
          0,
          -0.022686552,
          0.077400066,
          0.99674195,
          0,
          0.05035381,
          1.1706916,
          -1.0543885,
          1
        ]
      },
      {
        "date" : 740956826.259939,
        "title" : "Untitled",
        "transform" : [
          0.99974114,
          -9.48621e-09,
          0.022754781,
          0,
          0.00176123,
          0.99700016,
          -0.07738003,
          0,
          -0.022686552,
          0.077400066,
          0.99674195,
          0,
          0.032390416,
          1.1043572,
          -1.0496464,
          1
        ]
      },
      {
        "date" : 740956698.426018,
        "title" : "Untitled",
        "transform" : [
          0.99974114,
          -9.48621e-09,
          0.022754781,
          0,
          0.00176123,
          0.99700016,
          -0.07738003,
          0,
          -0.022686552,
          0.077400066,
          0.99674195,
          0,
          0.04186493,
          0.47542667,
          -1.0005927,
          1
        ]
      },
      {
        "date" : 740956693.125068,
        "title" : "Untitled",
        "transform" : [
          0.99974114,
          -9.48621e-09,
          0.022754781,
          0,
          0.00176123,
          0.99700016,
          -0.07738003,
          0,
          -0.022686552,
          0.077400066,
          0.99674195,
          0,
          0.092702925,
          1.0962806,
          -1.0476503,
          1
        ]
      },
      {
        "date" : 740956682.592365,
        "title" : "Untitled",
        "transform" : [
          0.99974114,
          -9.48621e-09,
          0.022754781,
          0,
          0.00176123,
          0.99700016,
          -0.07738003,
          0,
          -0.022686552,
          0.077400066,
          0.99674195,
          0,
          0.037970603,
          0.56350183,
          -1.007524,
          1
        ]
      },
      {
        "date" : 740956666.091475,
        "title" : "Untitled",
        "transform" : [
          0.9991493,
          -9.407134e-09,
          0.041239034,
          0,
          0.00037840445,
          0.99995786,
          -0.0091678705,
          0,
          -0.041237336,
          0.009175672,
          0.99910724,
          0,
          0.14981018,
          0.33584937,
          -0.9775632,
          1
        ]
      },
      {
        "date" : 740956660.841989,
        "title" : "Untitled",
        "transform" : [
          0.9999911,
          -9.663849e-09,
          -0.004222014,
          0,
          -0.00024338358,
          0.9983369,
          -0.05764782,
          0,
          0.0042149546,
          0.05764833,
          0.99832803,
          0,
          0.18776955,
          0.37589985,
          -1.0000494,
          1
        ]
      },
      {
        "date" : 740956649.609827,
        "title" : "Untitled",
        "transform" : [
          0.9475799,
          -9.63748e-09,
          0.31951895,
          0,
          -0.041896533,
          0.99136597,
          0.12425029,
          0,
          -0.31676027,
          -0.13112384,
          0.9393986,
          0,
          -0.09966372,
          0.21994203,
          -0.91127783,
          1
        ]
      }
    ],
    "AF09ED6F-1707-48FD-8720-65B998362C09" : [
      {
        "date" : 739233426.295787,
        "title" : "Untitled",
        "transform" : [
          1,
          0,
          -0,
          0,
          -0,
          0.86602485,
          -0.50000095,
          0,
          0,
          0.50000095,
          0.86602485,
          0,
          0,
          3.5089395,
          3.9603226,
          1
        ]
      }
    ]
  },
  "selectedSceneRelativePath" : "ImmersiveScene.usda"
}